#Property values for camera calibration.
#Fri Apr 10 16:10:35 CST 2020
p2=-0.015065201899666777
p1=0.02403245462375333
z10=0.0
fy=1039.0105925938547
fx=1684.9479440832517
Cy=239.5
Cx=319.5
k3=-377.75104974334386
k2=27.31334693566407
k1=-0.7871904184149389
last=1.0
t2=-1364.7363827522645
t1=-173.59028471113317
z21=0.0
t0=356.8733098873081
z20=0.0
s=0.0
r2=1.888137058521083
r1=1.2999172213105241
r0=-0.5264064060447766
